       WC_TA        RE_TA      EBIT_TA     MVE_BVTD         S_TA       Rating
     0.62900      1.13700      0.14000     21.55500      1.20400          AAA
    -0.08200     -0.30400      0.01500      0.39600      0.12700           BB
     0.24000      0.76300      0.07200     13.38100      1.12200          AAA
    -0.87700     -1.39100     -0.21000      0.22800      0.21700          CCC
     0.38100      0.43000      0.08200      0.88400      0.23500           BB
     0.15800      0.21600      0.05300      1.21300      0.25700            A
     0.28600      0.44600      0.06200      1.84400      0.49300            A
     0.24700      0.71100      0.07000     12.29700      0.55700          AAA
     0.18900      0.22300      0.06000      1.35200      0.36400            A
     0.24100      0.38500      0.05400      4.40900      0.35200          AAA
     0.34000      0.33400      0.07800      0.64300      0.21000          BBB
     0.08600      0.14300      0.05000      0.70600      0.24500          BBB
     0.00800      0.13100      0.03200      1.18200      0.32100          BBB
     0.08900      0.18700      0.04800      1.44700      0.20900          BBB
     0.06400      0.24000      0.04500      2.25800      0.35100            A
     0.14600      0.35400      0.04900      1.19400      0.21300          BBB
     0.06000      0.21300      0.04500      1.41100      0.31000            A
     0.49600      0.65500      0.10800      1.79700      0.12200            A
     0.03900      0.05600      0.04100      0.68600      0.18300           BB
     0.50600      0.81500      0.11100      6.94200      0.61200          AAA
    -0.12100     -0.10600      0.00600      0.63100      0.13100            B
     0.26100      0.56100      0.06900      3.46500      0.58300          AAA
     0.11100      0.09700      0.05200      0.38400      0.10200           BB
     0.03500      0.11900      0.03600      0.85200      0.29100           BB
     0.14600      0.32700      0.05300      2.16000      0.31500           AA
     0.05900      0.14400      0.04200      0.82000      0.23800          BBB
     0.07800      0.26800      0.05200      1.48400      0.43600          BBB
     0.29100      0.37600      0.06800      1.90200      0.30800            A
     0.44000      0.62500      0.09600      3.54600      0.47200          AAA
     0.03800      0.05800      0.03700      0.61100      0.12800           BB
     0.03700      0.10500      0.03500      0.60200      0.12200          BBB
     0.14700      0.41500      0.05600      3.69400      0.58600          AAA
     0.22800      0.39600      0.07100      1.65200      0.26500            A
     0.31200      0.44100      0.07200      1.87300      0.41600            A
     0.18200      0.26700      0.05900      0.81100      0.19500          BBB
     0.02600     -0.04500      0.03900      0.22400      0.10700            B
    -0.03300     -0.21900      0.01500      0.33300      0.14100            B
     0.07800      0.30900      0.03900      3.43800      0.52700          AAA
    -0.00400      0.11400      0.03600      0.37500      0.11100          BBB
     0.17900      0.35500      0.06100      1.62600      0.28200            A
     0.04700      0.07900      0.04400      0.54400      0.18500           BB
    -0.09600     -0.07800      0.00500      0.82900      0.16900            B
     0.07600     -0.19400      0.04400      0.05600      0.06200          CCC
     0.43600      0.65300      0.08800      4.52200      0.82900          AAA
     0.01500      0.14600      0.03400      1.03400      0.29300          BBB
     0.64900      0.93400      0.12400     17.76300      0.87700          AAA
    -0.04900     -0.01100      0.01400      1.64800      0.50600          BBB
     0.03100      0.20500      0.04200      1.53400      0.33200            A
     0.23600      0.20600      0.06600      0.50700      0.11000           BB
     0.25900      0.53500      0.08100      4.60100      0.73300          AAA
     0.11700      0.15400      0.05000      0.73200      0.22800           BB
    -0.02900     -0.00800      0.02600      1.23900      0.35400          BBB
     0.18100      0.27600      0.06200      1.20900      0.22000          BBB
     0.09600      0.21600      0.04500      1.39700      0.24700            A
    -0.11300     -0.04400      0.00600      0.66800      0.17300           BB
     0.04800      0.07900      0.03500      1.09800      0.28500          BBB
     0.20100      0.28600      0.06100      1.60800      0.22800            A
     0.04300     -0.04700      0.04100      0.28700      0.11400            B
    -0.00100      0.05000      0.03000      0.83500      0.17500           BB
     0.01500     -0.17800      0.02800      0.25900      0.12100            B
     0.47900      1.03900      0.09900     19.16100      0.98600          AAA
     0.37600      0.49200      0.09400      2.51000      0.35500           AA
    -0.00900     -0.20000      0.02600      0.16000      0.10500          CCC
     0.10500      0.31200      0.04800      3.43700      0.54700           AA
     0.36900      0.56700      0.08700      3.52100      0.41800          AAA
    -0.01600     -0.09900      0.03000      0.60200      0.14400            B
     0.35600      0.40900      0.07300      2.02800      0.32000            A
     0.56700      0.83800      0.11700      9.43100      1.07700          AAA
     0.21600      0.54700      0.07000      3.65000      0.40500          AAA
     0.26400      0.51600      0.06000      5.30900      0.54600          AAA
     0.24400      0.38400      0.06700      0.98400      0.17800          BBB
     0.20100      0.36900      0.05600      1.06400      0.21700          BBB
     0.01700      0.04000      0.03900      0.40800      0.14100           BB
     0.42300      0.61700      0.09400      4.15800      0.43500          AAA
     0.16000      0.32000      0.05000      1.80200      0.31700            A
     0.03600      0.17400      0.04400      1.13800      0.26700          BBB
     0.08900      0.22900      0.04100      2.51300      0.44500           AA
     0.46400      0.72700      0.09700      6.15100      0.62000          AAA
     0.03000      0.06000      0.03400      0.75300      0.27400           BB
     0.18100      0.31100      0.05800      1.17900      0.22000          BBB
    -0.03700     -0.12000      0.01500      0.81400      0.19100           BB
     0.19900      0.43400      0.05800      2.54700      0.39000           AA
    -0.01700      0.04900      0.02600      0.22500      0.10000           BB
     0.51900      0.66900      0.11300      4.02400      0.44100          AAA
    -0.05500      0.04500      0.02800      0.97900      0.29200           BB
     0.16600      0.24800      0.05800      0.78100      0.15400          BBB
     0.08300      0.14700      0.04400      0.69500      0.20900          BBB
     0.11900      0.31600      0.05900      1.77500      0.33700            A
    -0.06600     -0.07700      0.02000      0.72700      0.24600            B
     0.05700      0.11500      0.04500      0.66800      0.14900           BB
     0.27400      0.27300      0.06500      0.85200      0.22600          BBB
     0.09800      0.24400      0.04800      1.24000      0.31700            A
     0.09200      0.31800      0.05400      1.21300      0.54600            A
     0.13300      0.27800      0.05900      1.08500      0.31300          BBB
     0.06200     -0.13000      0.04800      0.10500      0.08500           BB
     0.01800      0.03100      0.04600      0.28400      0.11200            B
     0.17200      0.31900      0.06000      1.73600      0.26900            A
     0.29300      0.48200      0.05900     10.06000      1.05800          AAA
     0.44000      0.61300      0.07100      3.34200      0.33800          AAA
     0.18600      0.26200      0.06300      1.19000      0.16900          BBB
     0.19100      0.47900      0.05700      6.54800      0.52800          AAA
     0.35900      0.53600      0.07800      3.77500      0.36500          AAA
     0.07000      0.18600      0.04800      1.29400      0.26400          BBB
     0.02900      0.03900      0.03000      0.95000      0.21300          BBB
     0.26300      0.59200      0.07400      6.24700      0.57300          AAA
     0.05000      0.01800      0.03700      0.29000      0.10000           BB
     0.12300      0.21100      0.05900      0.78900      0.14100          BBB
    -0.03800     -0.04400      0.03800      0.56000      0.20400           BB
     0.15600      0.38000      0.05900      2.51400      0.48600            A
     0.39700      0.70400      0.08400     10.39300      1.00600          AAA
     0.08000      0.14800      0.04300      0.75500      0.15700           BB
     0.08000      0.34500      0.05300      1.16800      0.39500          BBB
     0.03900      0.10500      0.05600      0.42600      0.15800           BB
     0.00800      0.14000      0.03800      1.09100      0.28500          BBB
     0.06600      0.15600      0.04200      1.01500      0.31600           BB
     0.05200      0.10100      0.03000      0.59800      0.19500           BB
     0.38600      0.33100      0.09400      0.71000      0.15900           BB
     0.18900      0.18400      0.05800      0.64500      0.16500          BBB
     0.18000      0.33500      0.06400      1.81400      0.32700            A
     0.06500      0.14500      0.04600      1.29200      0.21000          BBB
     0.19200      0.36600      0.05900      1.74500      0.29400            A
     0.03000      0.15900      0.04200      1.34300      0.17700          BBB
     0.04400      0.21400      0.04500      0.83100      0.28600           BB
     0.34500      0.57700      0.08300      3.22900      0.41800          AAA
     0.27200      0.37100      0.07500      3.60300      0.33800          AAA
    -0.00200     -0.06000      0.03500      0.47600      0.14800           BB
     0.26200      0.17700      0.07800      0.25600      0.09300            B
     0.05900      0.08400      0.04800      0.47100      0.09800           BB
     0.12000      0.26500      0.04400      1.79200      0.37400          BBB
     0.01000      0.13700      0.03300      1.02600      0.39000           BB
     0.45200      0.45800      0.10100      1.86400      0.21000            A
     0.00800      0.08700      0.03400      0.92300      0.21400           BB
     0.15000      0.13500      0.05600      0.44600      0.19400           BB
     0.03100     -0.06900      0.03600      0.33100      0.16400            B
     0.18400      0.24500      0.06300      0.61900      0.14600          BBB
     0.20000      0.17600      0.06600      0.56600      0.12900          BBB
     0.58300      0.65300      0.13700      2.15200      0.16600           AA
     0.41200      0.62600      0.08500      3.85400      0.40900          AAA
     0.12800      0.33900      0.04700      3.10000      0.48700          AAA
     0.04200      0.12600      0.03200      0.76500      0.17700           BB
     0.02100      0.27100      0.03900      2.31100      0.32900            A
     0.06000      0.04400      0.05300      0.34400      0.14200           BB
     0.55100      0.73900      0.11000      3.29300      0.40900          AAA
     0.05800      0.12600      0.04300      0.91900      0.24300           BB
     0.07100      0.21400      0.04800      2.01900      0.37600            A
     0.14600      0.19400      0.04100      1.60300      0.22800            A
     0.06800     -0.00700      0.03800      0.35200      0.09800           BB
     0.14300      0.29700      0.04700      2.47100      0.69300           AA
     0.17300      0.22800      0.05600      0.73100      0.14400           BB
     0.00000      0.13000      0.04300      1.28800      0.31100          BBB
     0.02100      0.09700      0.03100      1.16400      0.35300          BBB
     0.03100      0.21200      0.03200      1.27600      0.27700          BBB
     0.46200      0.52800      0.09500      1.79200      0.34000            A
     0.06600      0.21800      0.04400      1.47500      0.34600            A
     0.08100      0.13500      0.04200      0.90100      0.22100           BB
     0.04900      0.18000      0.03300      5.21800      0.55200          AAA
    -0.00700     -0.02200      0.04700      0.51400      0.13400           BB
     0.16000      0.53300      0.06000      4.30100      0.67100          AAA
     0.12800      0.21300      0.05400      1.06100      0.24200           BB
     0.19400      0.31000      0.05300      2.05800      0.39200            A
     0.03300     -0.28600      0.05600      0.11200      0.06900            B
     0.30900      0.52800      0.07000      2.86800      0.43300           AA
     0.08800      0.14100      0.05200      0.56700      0.13300            B
     0.19200      0.42200      0.05500      5.08400      0.67100          AAA
     0.11800      0.20000      0.04900      1.17100      0.31200          BBB
     0.22700      0.31600      0.06300      0.83400      0.14900          BBB
     0.21200      0.40000      0.06600      1.96700      0.29100            A
     0.14700      0.09100      0.05300      0.42100      0.11700           BB
     0.12900      0.17800      0.05000      1.02700      0.21500          BBB
     0.11000      0.24200      0.05100      1.46100      0.35500            A
    -0.01500      0.02900      0.03000      0.45900      0.12700            B
     0.12300      0.23100      0.04700      1.05300      0.19800          BBB
     0.57100      0.55300      0.12600      0.28400      0.09300          BBB
     0.22600      0.32300      0.06200      1.60800      0.33300          BBB
     0.24000      0.36500      0.06800      1.55900      0.34300            A
     0.40400      0.59200      0.08500      2.78300      0.32000           AA
     0.20000      0.20000      0.05500      0.74600      0.22000          BBB
     0.37600      0.74400      0.07700      7.11500      1.05700          AAA
     0.27600      0.28300      0.06800      0.60100      0.12400          BBB
     0.29600      0.38500      0.07200      1.14300      0.36900          BBB
     0.21500      0.34200      0.06700      1.83100      0.30300            A
     0.18300     -0.03200      0.05700      0.07700      0.05900           BB
    -0.05300     -0.22200      0.01700      0.30900      0.22400            B
    -0.00500     -0.02400      0.03100      0.27000      0.15400           BB
    -0.01000      0.12900      0.03800      0.96000      0.19800           BB
    -0.52200     -0.83600     -0.03600      0.44100      0.22400          CCC
     0.12900      0.20200      0.05600      0.91700      0.25700          BBB
     0.03800      0.01600      0.03900      0.42000      0.15400           BB
    -0.01400     -0.16800      0.01900      0.68900      0.09200           BB
     0.22700      0.40900      0.05900      1.88000      0.41000            A
     0.34700      0.47700      0.08000      2.28300      0.38200           AA
     0.25800      0.39200      0.07600      1.99600      0.25700            A
     0.34500      0.55700      0.06400      3.93100      0.50800          AAA
     0.37000      0.60400      0.08300      3.33500      0.33900          AAA
     0.13500      0.23200      0.05400      0.82500      0.18900          BBB
     0.01800      0.06300      0.02900      1.39600      0.34000          BBB
     0.24500      0.31200      0.07500      1.30500      0.21800          BBB
     0.11800      0.27600      0.05400      1.20300      0.27700            A
     0.02700      0.05200      0.03900      0.54100      0.16700            B
     0.13200      0.20400      0.05600      1.32400      0.33100            A
     0.12800      0.48600      0.06000      5.72900      0.77500          AAA
     0.01000      0.12900      0.02900      1.18300      0.26500          BBB
    -0.08900     -0.14800      0.00900      0.75600      0.18000           BB
    -0.02500     -0.10200      0.02800      0.34100      0.13200           BB
    -0.04800      0.02500      0.04200      1.12400      0.32000          BBB
     0.25300      0.44600      0.06600      1.43800      0.30400            A
     0.20100      0.36800      0.05300      2.90000      0.37200           AA
     0.03900      0.22000      0.03700      1.83500      0.36600            A
     0.09100      0.19000      0.05000      1.22300      0.27900          BBB
     0.16300      0.40300      0.05500      1.83200      0.47400            A
     0.25100      0.39600      0.07200      2.59300      0.32800           AA
     0.35200      0.56100      0.06900      5.65200      0.77800          AAA
     0.13500      0.18800      0.05000      1.08300      0.21100          BBB
     0.12500      0.25900      0.04900      1.00200      0.34700          BBB
     0.12200      0.22300      0.05000      1.09500      0.22200           BB
     0.30100      0.38700      0.06800      3.13000      0.43500          AAA
     0.01100      0.85400      0.03000     21.81000      0.37300          AAA
     0.04700      0.36800      0.03700      4.59700      0.43500          AAA
     0.26300      0.63400      0.08400      4.80500      0.47400          AAA
    -0.29500     -0.34700     -0.01600      0.32300      0.20300            B
     0.18500      0.25500      0.05500      1.24900      0.19500          BBB
     0.29100      0.33000      0.08000      1.72200      0.24900            A
     0.04500      0.05900      0.04800      0.48700      0.13800           BB
     0.21000      0.50700      0.06400      4.01700      1.05600          AAA
     0.08200      0.12700      0.04500      0.64400      0.15700          BBB
     0.26700      0.46300      0.06500      2.79500      0.34300           AA
     0.15800      0.24100      0.05600      1.07600      0.17100          BBB
     0.02500     -0.28400      0.05300      0.08500      0.05800          CCC
     0.19800      0.22400      0.06000      1.36700      0.20500          BBB
     0.04100     -0.05500      0.04200      0.34200      0.10400           BB
     0.54100      0.94800      0.11300     18.32900      1.00500          AAA
     0.18300      0.37400      0.05900      1.78500      0.36100            A
     0.22400      0.36400      0.07000      2.03900      0.44400            A
     0.27300      0.32600      0.07200      1.55700      0.22800          BBB
     0.16600      0.36000      0.06100      2.00700      0.38000            A
     0.42000      0.16400      0.09400      0.19000      0.09800            B
     0.07400      0.12800      0.05000      0.52600      0.15500          BBB
     0.06200      0.13800      0.03900      0.97600      0.42000          BBB
     0.03900      0.12000      0.03500      0.87200      0.13900           BB
     0.66200      0.91400      0.12400      8.17500      0.40300          AAA
     0.06800      0.30600      0.05100      1.64000      0.31000            A
     0.01300      0.09300      0.04000      1.12500      0.29600          BBB
     0.01100      0.06900      0.03400      0.67800      0.23600           BB
     0.16900      0.37000      0.06200      2.24300      0.35300            A
     0.02800      0.05100      0.03600      0.38200      0.13600           BB
     0.53400      0.77200      0.11100      7.11300      0.53600          AAA
     0.34400      0.48600      0.07100      2.94100      0.40800           AA
     0.16900      0.18200      0.05300      0.44700      0.13700           BB
     0.25000      0.38200      0.06400      2.17000      0.33100            A
    -0.07200     -0.47600      0.01100      0.32800      0.13800          CCC
     0.05600      0.04800      0.03900      0.61700      0.12400            B
    -0.02900      0.08100      0.02800      0.97100      0.22600           BB
     0.22100      0.46300      0.06400      2.67000      0.40100           AA
     0.16800      0.06000      0.05500      0.15400      0.06300           BB
     0.11200      0.05400      0.05200      0.45800      0.11700           BB
    -0.00400      0.10700      0.04700      2.81300      0.21800           AA
    -0.08500     -0.02500      0.00700      0.84200      0.28300           BB
     0.26900      0.37300      0.06700      2.29500      0.37500           AA
     0.25200      0.38100      0.06800      3.25500      0.36300          AAA
     0.08700      0.22100      0.04900      1.19200      0.28300          BBB
     0.15500      0.27400      0.06200      1.10600      0.21600          BBB
     0.12200      0.33800      0.04500      3.39500      0.76800           AA
     0.00100      0.09900      0.03300      0.84100      0.23300            B
     0.05300      0.38700      0.03700      4.09100      0.66600          AAA
     0.20600      0.45800      0.06700      2.66700      0.37600           AA
     0.52500      0.67200      0.09600      2.82000      0.30800           AA
     0.32900      0.20700      0.06500      0.63600      0.18500          BBB
     0.33900      0.42300      0.07300      1.73700      0.22900            A
     0.07300      0.15700      0.04700      1.01800      0.29600          BBB
     0.23900      0.43800      0.06300      2.75400      0.34500           AA
    -0.06800     -0.40600      0.00900      0.17400      0.07700          CCC
     0.26800      0.39900      0.07000      1.47300      0.28600            A
     0.21700      0.20200      0.05600      0.96700      0.15300          BBB
     0.19000      0.47300      0.05200      6.41000      0.70100          AAA
     0.13000      0.23100      0.04500      1.72800      0.32900          BBB
     0.09300      0.13600      0.04900      0.58400      0.17300           BB
     0.28100      0.29000      0.06900      0.58200      0.13800          BBB
     0.08400      0.30200      0.04900      2.74100      0.52900           AA
     0.10800      0.18100      0.04700      0.67500      0.20300           BB
     0.11300      0.43800      0.05000      3.86300      0.56900           AA
     0.24700      0.27300      0.06300      1.07700      0.20800          BBB
    -0.03400     -0.09600      0.02200      0.52400      0.11100           BB
     0.04300      0.21800      0.04000      1.51400      0.32900            A
    -0.07100     -0.04700      0.01800      1.00800      0.42300           BB
     0.07900      0.20400      0.05100      0.45400      0.08400           BB
     0.13100      0.23800      0.05200      1.51900      0.27600            A
     0.25600      0.51500      0.06700      3.81700      0.50600          AAA
     0.29100      0.30000      0.07200      0.95900      0.15500          BBB
     0.09100      0.12800      0.04400      1.96700      0.23100            A
     0.01800      0.03900      0.03100      1.13300      0.30700          BBB
     0.07600      0.20400      0.04500      1.44100      0.30900          BBB
     0.35800      0.78600      0.08900      8.46100      0.71300          AAA
     0.24200      0.27400      0.06300      0.73600      0.17200          BBB
     0.16900      0.23300      0.06100      1.07800      0.22100          BBB
     0.16000      0.37700      0.04400      4.13300      0.43500          AAA
     0.24700      0.59500      0.06100      7.42200      0.60400          AAA
     0.37600      0.42900      0.08400      1.17700      0.12300          BBB
    -0.05200     -0.46100      0.01400      0.14200      0.09800          CCC
    -0.01700     -0.01200      0.02100      0.58000      0.22700          BBB
     0.20100      0.38600      0.06200      2.75900      0.32300           AA
     0.12800      0.25400      0.05200      2.08900      0.37900           AA
    -0.03200      0.23200      0.03400      5.78300      0.69200          AAA
     0.04200      0.30000      0.04600      2.59300      0.39700           AA
     0.03800      0.12400      0.03800      0.49400      0.12900          BBB
     0.12100      0.20100      0.04700      1.10100      0.18300          BBB
     0.27800      0.30000      0.06700      1.61600      0.33000            A
     0.15000      0.20700      0.05600      0.94200      0.27600          BBB
     0.12100      0.26600      0.04600      1.17000      0.29900           BB
     0.09200      0.06100      0.04800      0.40700      0.12900            B
     0.46000      0.70800      0.09400      4.50100      0.46200          AAA
     0.35600      0.70500      0.06700      6.20900      0.68400          AAA
     0.05200     -0.00700      0.04400      0.40300      0.17800            B
     0.05600      0.00700      0.04800      0.29400      0.08400           BB
     0.19700      0.51300      0.05000      7.85000      0.59300          AAA
     0.09300      0.19500      0.05300      1.15800      0.23800          BBB
     0.15500      0.22400      0.05500      1.14700      0.23600            A
     0.20000      0.11200      0.06100      0.36600      0.09900           BB
     0.05000      0.57400      0.04600     12.01000      0.87200          AAA
    -0.04200     -0.59600      0.02300      0.17800      0.11600          CCC
     0.09600      0.31000      0.04100      3.89300      0.66800          AAA
     0.03300      0.08100      0.03900      0.67000      0.21800          BBB
     0.14700      0.13200      0.06300      1.00800      0.21000          BBB
     0.19800      0.19100      0.06300      0.68000      0.20400           BB
     0.33500      0.39600      0.08200      0.84000      0.21100          BBB
     0.06300      0.07800      0.04700      0.31100      0.10600           BB
     0.30100      0.38100      0.06800      2.11700      0.36500            A
    -0.00500     -0.04100      0.03300      0.45400      0.26900           BB
     0.01100      0.11600      0.04100      0.86800      0.17000          BBB
    -0.02700      0.05300      0.02200      1.45700      0.37000          BBB
    -0.03600      0.00200      0.03100      0.52900      0.12100           BB
     0.05100      0.17800      0.04000      0.94700      0.31500           BB
     0.12200      0.42700      0.04700      3.77100      0.46400           AA
     0.62600      0.82300      0.12000      4.99400      0.55300          AAA
     0.21700      0.44900      0.05900      3.68500      0.65100          AAA
     0.06600      0.12700      0.04400      0.50400      0.13800           BB
     0.30100      0.56500      0.08200      4.24100      0.81500          AAA
     0.19900      0.23300      0.06000      0.92400      0.19300          BBB
    -0.06800      0.05700      0.02500      0.63700      0.20000            B
     0.13500      0.42000      0.05700      7.33800      0.74700          AAA
     0.14400      0.25000      0.05600      1.53900      0.40100            A
     0.29200      0.50000      0.07500      4.84200      0.63500          AAA
     0.66900      1.47000      0.12200     66.08300      1.65500          AAA
     0.52900      0.68000      0.11700      2.56100      0.27400           AA
     0.29600      0.61500      0.06900      3.34900      0.33100          AAA
     0.33600      0.45000      0.07500      1.85700      0.38100            A
     0.28600      0.33300      0.07400      1.28000      0.28800          BBB
     0.10200      0.23300      0.05300      1.38600      0.31100          BBB
    -0.06300      0.06700      0.02100      1.91500      0.39700          BBB
    -0.01900     -0.79200      0.03000      0.04700      0.06500          CCC
     0.17000      0.23200      0.05700      0.88000      0.19500          BBB
     0.29900      0.40100      0.08100      1.33100      0.22400            A
     0.24500      0.60500      0.06000     12.97400      1.07200          AAA
     0.21000      0.25900      0.06800      1.10600      0.28000            A
     0.21000      0.21300      0.05600      0.76600      0.27100          BBB
     0.06300      0.08500      0.04000      1.26600      0.18200          BBB
     0.19700      0.32600      0.06500      1.43400      0.20900          BBB
     0.29800      0.35000      0.07500      0.77300      0.16100          BBB
     0.02600      0.18200      0.03900      0.25300      0.11400           BB
     0.21500      0.66400      0.07500      6.75300      0.91200          AAA
     0.16800      0.22800      0.05600      0.54100      0.16400          BBB
     0.15100      0.46100      0.05200      4.59100      0.60500          AAA
     0.10100      0.08000      0.04900      0.51700      0.15700           BB
     0.09400      0.21200      0.04200      0.75900      0.31000           BB
     0.08000      0.27000      0.04300      2.49000      0.44800           AA
     0.00700      0.09200      0.03900      0.85700      0.19300           BB
     0.23300      0.28200      0.06500      0.49500      0.21000           BB
     0.05700      0.31200      0.04200      4.26000      0.82900          AAA
     0.30000      0.34000      0.06800      2.07100      0.38900            A
     0.04900     -0.04600      0.04700      0.52300      0.27500           BB
     0.08200      0.14300      0.04400      0.60800      0.18100           BB
     0.05700      0.01100      0.04300      0.45800      0.20900           BB
     0.29300      0.46200      0.07500      5.32600      0.66400          AAA
     0.11100     -0.13300      0.04500      0.62800      0.10100           BB
    -0.02500      0.03100      0.03300      0.34700      0.22000           BB
     0.01600      0.05100      0.03700      0.63400      0.15500           BB
     0.26700      0.33200      0.06900      1.63100      0.23300            A
     0.39000      0.56600      0.07800      3.86300      0.45300          AAA
     0.04000      0.42200      0.05400      4.36900      0.76300          AAA
     0.08300      0.04100      0.04600      0.27200      0.11900            B
     0.13500      0.52500      0.04900      7.03700      0.95300          AAA
     0.03100      0.04900      0.03700      0.70300      0.21400          BBB
     0.10300      0.52900      0.03900      4.57800      0.34400          AAA
    -0.02900     -0.05200      0.03000      0.62600      0.24800            B
     0.09200      0.22600      0.05900      1.23700      0.24500          BBB
     0.25000      0.26400      0.06200      2.10100      0.43400            A
     0.20100      0.34600      0.05800      2.46500      0.40000            A
    -0.00500      0.21600      0.03000      2.23500      0.47400          BBB
    -0.05900     -0.02200      0.02300      0.69300      0.24500           BB
    -0.02200      0.10200      0.02700      1.82600      0.35500            A
     0.16800      0.18000      0.05100      1.50300      0.25900          BBB
    -0.06100     -0.54900      0.01200      0.14200      0.10400            B
     0.07000      0.06900      0.04400      0.38300      0.11300           BB
     0.06600      0.21200      0.04800      1.09900      0.20500           BB
     0.06700      0.13200      0.04000      1.03800      0.22900           BB
     0.26400      0.23500      0.05900      0.52900      0.14100           BB
     0.01000      0.14000      0.03700      1.41700      0.24500          BBB
     0.15900      0.34200      0.05300      1.45300      0.33100          BBB
     0.03000      0.02100      0.04400      0.25900      0.13400            B
     0.07400      0.34000      0.05000      3.62500      0.60300           AA
    -0.05600     -0.23700      0.01500      0.30300      0.11500            B
     0.09600      0.10400      0.05400      0.39400      0.11400           BB
     0.07300      0.16300      0.03900      1.58800      0.27500            A
     0.12800      0.16700      0.05300      0.75500      0.22600           BB
     0.00100      0.14100      0.03700      0.61800      0.15100           BB
     0.04700      0.27500      0.03800      3.07700      0.47800           AA
     0.20200      0.27200      0.05900      1.13000      0.24100          BBB
     0.08000      0.07400      0.05000      0.30700      0.12600           BB
     0.27700      0.32900      0.07500      1.67900      0.24400            A
     0.13100      0.24300      0.04700      2.19400      0.35700            A
     0.15300      0.39900      0.05200      3.84100      0.44600          AAA
     0.11200      0.09500      0.05100      0.36600      0.12800            B
     0.14500      0.22400      0.05000      2.01700      0.38200            A
     0.00800      0.06500      0.04200      1.12300      0.10200          BBB
     0.57000      0.89600      0.11900     12.82500      1.00100          AAA
     0.15500      0.14000      0.05100      0.55000      0.22200          BBB
     0.14600      0.29900      0.05200      3.14800      0.21600          AAA
     0.08500      0.22000      0.04700      1.83300      0.40400          BBB
     0.08300      0.05600      0.04900      0.37300      0.10700           BB
     0.45400      0.54400      0.09600      1.78400      0.90000            A
     0.14500      0.42300      0.05400      5.02800      0.65100          AAA
     0.49800      0.73100      0.09400      7.44700      0.69300          AAA
     0.42000      0.67300      0.10400      4.73300      0.69600          AAA
     0.14400      0.39100      0.04500      2.93300      0.33200           AA
     0.23300      0.18200      0.06200      0.69300      0.13700           BB
     0.37700      0.56200      0.07300      6.85500      0.58500          AAA
     0.30900      0.51700      0.06900      2.12600      0.28600           AA
     0.14700      0.24900      0.05500      0.90900      0.17000          BBB
    -0.00300      0.08300      0.04000      0.35400      0.13300           BB
     0.12800      0.17600      0.05100      0.75600      0.24600           BB
     0.03900      0.01900      0.04300      0.34700      0.10700           BB
     0.12800      0.22400      0.05900      1.62800      0.28700            A
     0.16800      0.29600      0.05700      2.44700      0.39900            A
     0.10000      0.09500      0.04400      0.59500      0.14700           BB
     0.79900      1.49700      0.20000     20.25800      0.97700          AAA
     0.06300      0.11600      0.03800      1.35800      0.26400          BBB
     0.29500      0.49200      0.07100      2.26000      0.43000            A
     0.13600      0.25200      0.06200      0.73800      0.19300          BBB
     0.00100      0.07700      0.03400      0.80100      0.23100           BB
     0.03600      0.13800      0.04000      0.81000      0.22700           BB
     0.02400      0.10800      0.04000      0.97700      0.22700          BBB
     0.06000     -0.02800      0.04200      0.27800      0.12100           BB
     0.01400      0.04400      0.03700      0.42100      0.12300           BB
     0.02700     -0.01900      0.03400      0.42600      0.14400           BB
     0.38800      0.49800      0.08800      2.24300      0.36400            A
     0.02700      0.21200      0.03800      2.40900      0.28200            A
     0.35600      0.30900      0.07700      1.08200      0.18700          BBB
     0.16000      0.32700      0.05300      2.82300      0.37100           AA
     0.05000      0.11100      0.03700      1.01600      0.30900          BBB
     0.49800      0.58300      0.11700      0.97700      0.20900            A
    -0.02800      0.11800      0.02600      1.27800      0.28300          BBB
    -0.01000     -0.07800      0.03200      0.30700      0.10500            B
     0.03400     -0.02900      0.03800      0.74400      0.19600           BB
     0.23300      0.32000      0.05800      2.23400      0.27200            A
     0.10700      0.10900      0.05000      0.34900      0.13200           BB
     0.27600      0.69800      0.06800     13.98000      1.11600          AAA
    -0.02900     -0.21200      0.02600      0.37500      0.19200            B
    -0.16200     -0.67800     -0.01200      0.26800      0.13600          CCC
     0.08200      0.10400      0.04800      0.72000      0.16200          BBB
     0.12100      0.26300      0.04600      1.21900      0.28600          BBB
     0.40000      0.43700      0.08100      1.34600      0.31500          BBB
     0.27300      0.15400      0.07100      0.32300      0.08400           BB
     0.11900      0.22700      0.05600      1.55200      0.26800            A
     0.29300      0.30800      0.06800      1.04900      0.21300          BBB
     0.12200      0.25500      0.05400      2.55200      0.43100           AA
     0.38800      0.51700      0.08700      1.55000      0.21500            A
     0.21700      0.32600      0.04500      2.52200      0.29500           AA
     0.36100      0.27300      0.06900      0.79100      0.16000          BBB
     0.37300      0.51200      0.08600      2.21800      0.26700           AA
    -0.01000     -0.06700      0.03500      0.41800      0.11500            B
     0.18900      0.38300      0.06100      3.25900      0.43400          AAA
    -0.04400     -0.11900      0.01900      0.42800      0.21000            B
     0.12700      0.11500      0.04900      0.68900      0.14700           BB
     0.12200      0.18100      0.05100      1.00400      0.38600          BBB
     0.49500      0.72400      0.09700      5.23200      0.32000          AAA
     0.13100      0.13900      0.05700      0.51800      0.22200           BB
    -0.01100     -0.11700      0.04000      0.11500      0.08200           BB
     0.20400      0.19500      0.06100      1.90100      0.37500            A
    -0.05600     -0.06300      0.02200      0.39800      0.14200           BB
     0.05100      0.06100      0.04600      0.31400      0.12500           BB
    -0.08200     -0.43000      0.02200      0.12600      0.07700            B
    -0.01400      0.14100      0.03200      1.54600      0.30700          BBB
    -0.00700      0.04200      0.03100      0.76000      0.29800          BBB
     0.01200      0.03000      0.03600      0.51700      0.23600            B
    -0.06000     -0.12700      0.02500      0.47300      0.16500            B
     0.00700      0.09400      0.04000      0.76600      0.18100           BB
     0.28000      0.38700      0.06200      3.85300      0.52700          AAA
     0.34200      0.42100      0.07100      2.78000      0.36700            A
     0.12400      0.27400      0.05200      1.41300      0.29400            A
     0.22900      0.36600      0.06500      1.42700      0.27500            A
     0.19800      0.29300      0.06900      1.10100      0.23100          BBB
     0.02300      0.00700      0.03400      0.50600      0.21200          BBB
     0.10800      0.16400      0.05100      0.92700      0.26100           BB
     0.09100      0.05600      0.05300      0.37800      0.12800           BB
     0.22500      0.34500      0.06500      2.26200      0.34800           AA
     0.12500      0.20800      0.04100      2.22700      0.36800            A
     0.15500      0.27800      0.05900      1.22200      0.25800          BBB
     0.19600      0.16200      0.05700      0.42600      0.18200           BB
     0.14200      0.24400      0.06200      1.29100      0.41100            A
    -0.14800     -0.84800     -0.00200      0.14800      0.07600          CCC
    -0.04100     -0.03500      0.01200      0.80600      0.27500           BB
     0.11900      0.32200      0.04500      4.36900      0.56800          AAA
     0.13800      0.46000      0.05900      3.64100      0.45500          AAA
     0.39300      0.30300      0.08000      0.66300      0.15900          BBB
     0.05300      0.19200      0.04700      0.85500      0.21900           BB
     0.15000      0.39300      0.05400      3.91100      0.49800           AA
     0.08500      0.04300      0.05000      0.35100      0.11500            B
     0.47400      0.71600      0.09500      3.16300      0.62900          AAA
     0.09000      0.15500      0.04500      1.37400      0.26900          BBB
     0.16200      0.36800      0.05800      2.02100      0.19800            A
     0.01300      0.03600      0.03500      0.73800      0.19100           BB
     0.25600      0.32600      0.06500      1.37700      0.22900            A
    -0.01700      0.07400      0.03100      1.22000      0.23200          BBB
     0.06000      0.30500      0.04400      2.38400      0.31400           AA
    -0.01100     -0.45900      0.02800      0.26700      0.10700            B
     0.06800      0.08500      0.04400      0.43500      0.10500            B
    -0.11900     -0.51000     -0.00000      0.36600      0.19300            B
     0.08000      0.17000      0.04800      0.72500      0.25200           BB
     0.02200      0.02400      0.03300      0.46300      0.14600           BB
     0.42500      0.40500      0.08700      0.87300      0.20800           BB
     0.20500      0.42200      0.05800      3.59400      0.56100          AAA
    -0.26300     -0.20700      0.00000      0.61600      0.11800           BB
     0.09000      0.17700      0.04000      1.07400      0.14200          BBB
     0.47100      0.80900      0.09200      5.86900      0.68100          AAA
     0.28600      0.24500      0.06100      0.53700      0.12100           BB
     0.25800      0.53600      0.07700      4.64700      0.61000          AAA
     0.20200      0.38200      0.05700      2.64900      0.48700            A
    -0.05500     -0.45300      0.01200      0.36100      0.20500            B
     0.50700      0.30600      0.09900      0.25700      0.08400           BB
     0.20900      0.26800      0.06100      0.89200      0.26900           BB
     0.26500      0.38400      0.06500      1.85200      0.36800            A
     0.03600      0.03400      0.03700      0.67700      0.16600            B
     0.09100      0.14300      0.04700      0.54800      0.14200          BBB
    -0.05900     -0.30800      0.00800      0.44100      0.15000            B
     0.32100      0.82800      0.08300      6.77800      0.80900          AAA
     0.02300      0.18000      0.03400      2.37300      0.27200            A
     0.05800      0.13200      0.04200      0.35800      0.10300           BB
     0.06000      0.08600      0.04100      0.64600      0.29100          BBB
     0.00100     -0.21900      0.03400      0.14400      0.08500            B
     0.33200      0.42200      0.08000      1.44900      0.19100            A
     0.42700      0.72800      0.10300      6.81600      0.62200          AAA
     0.09300     -0.03700      0.04500      0.20900      0.08000            B
     0.02000      0.10000      0.04200      0.87900      0.14500          BBB
     0.17200      0.35100      0.06500      2.06400      0.33700            A
     0.11100      0.19800      0.04300      1.38600      0.22300          BBB
     0.46600      0.54800      0.10300      2.36500      0.29000           AA
     0.11100      0.07600      0.05100      0.37000      0.11100           BB
     0.15300      0.60000      0.06100      6.93600      0.61500          AAA
    -0.01900      0.04400      0.02600      0.62500      0.35000           BB
     0.12500      0.22500      0.04900      1.07000      0.29200          BBB
     0.33200      0.42400      0.07300      2.32400      0.35300           AA
    -0.19900     -1.82200     -0.03400      0.06600      0.05800          CCC
    -0.01100      0.07700      0.02900      0.78900      0.27600           BB
    -0.02700     -0.17900      0.02000      0.30700      0.17600            B
     0.13900      0.31200      0.05400      1.57600      0.25000            A
     0.19800      0.26300      0.05900      1.30000      0.24100          BBB
     0.24200      0.65100      0.07000      6.94400      0.80800          AAA
     0.22400      0.40200      0.07100      1.31500      0.29200          BBB
     0.08700      0.21900      0.05000      1.07800      0.28000          BBB
    -0.04400      0.28400      0.03300     12.97600      1.37400          AAA
     0.29200      0.42400      0.07500      1.82700      0.27600            A
     0.02900      0.06100      0.03700      0.93600      0.25400           BB
     0.24900      0.36600      0.06800      2.01400      0.29000            A
     0.32200      0.64600      0.07000      6.37300      0.63800          AAA
     0.21100      0.25200      0.07100      0.65800      0.13600          BBB
     0.07300      0.11500      0.04500      0.80200      0.23600          BBB
    -0.03500     -0.01300      0.02900      0.37500      0.18400            B
     0.49300      0.60600      0.09900      3.75200      0.37400          AAA
     0.33700      0.12700      0.08400      0.40600      0.10800           BB
     0.08000      0.22700      0.04900      1.58400      0.39500          BBB
     0.00600     -0.01600      0.02700      0.33400      0.16500           BB
     0.45500      0.55300      0.09800      2.94600      0.50600           AA
     0.33200      0.43600      0.07500      3.87600      0.73300          AAA
     0.39600      0.61200      0.08600      4.90300      0.54000          AAA
     0.13700      0.34500      0.05600      1.97600      0.31500            A
     0.12700      0.21800      0.05400      0.70500      0.20400          BBB
     0.31900      0.41600      0.07100      2.79900      0.29400           AA
     0.34600      0.28200      0.07400      0.81200      0.16300          BBB
     0.07500      0.19900      0.04400      0.88900      0.31400           BB
    -0.04600     -0.04000      0.02000      0.49700      0.14700           BB
     0.13600      0.14000      0.05900      0.45400      0.10800           BB
     0.40100      0.58500      0.08300      2.45700      0.23400           AA
     0.05400      0.26600      0.04700      1.44800      0.28100            A
     0.01100      0.13900      0.04600      0.74900      0.25600           BB
     0.00400      0.08100      0.02800      0.49800      0.12400           BB
     0.28300      0.49000      0.07600      2.42800      0.32700           AA
     0.41400      0.41600      0.09200      0.73200      0.15000          BBB
     0.07500      0.15800      0.04700      1.36000      0.32600          BBB
    -0.32200     -0.73800     -0.08600      0.34900      0.20100          CCC
     0.06000      0.09300      0.04600      0.28400      0.09200            B
     0.03400      0.18200      0.03400      2.60400      0.54400            A
     0.18500      0.23000      0.05600      0.74500      0.19600           BB
     0.17400      0.49500      0.06900      4.74700      0.64900          AAA
     0.08700      0.22900      0.04400      1.61100      0.45400            A
     0.16700      0.16400      0.05800      0.64800      0.18000          BBB
     0.10500      0.52100      0.04900      8.43000      0.47600          AAA
     0.00300     -0.00900      0.02200      0.58900      0.20100           BB
     0.45300      0.62700      0.09000      4.60100      0.45300          AAA
     0.10800      0.17000      0.05600      1.51200      0.24800          BBB
     0.10000      0.26500      0.03500      2.49300      0.24900           AA
     0.12500      0.21200      0.05400      1.25100      0.27400          BBB
     0.19700      0.40200      0.06300      2.40000      0.36100           AA
     0.11800      0.38700      0.05800      2.83500      0.46800           AA
     0.57200      1.61000      0.09700     78.12900      5.80600          AAA
     0.31900      0.34100      0.08800      1.07800      0.21000            A
     0.05000      0.04700      0.04800      0.37500      0.12600           BB
     0.11500      0.20200      0.05200      1.20700      0.40600          BBB
     0.31700      0.45900      0.07900      3.09300      0.44900           AA
     0.05200      0.21500      0.02800      2.03400      0.74500          BBB
    -0.07900     -0.26900      0.01400      0.25700      0.10900            B
     0.50300      0.81600      0.11900      2.81700      0.14500          AAA
     0.27600      0.19200      0.06100      0.44800      0.09800           BB
     0.15100      0.18000      0.06100      0.63200      0.17600           BB
     0.14700      0.26500      0.05300      2.09200      0.43400            A
    -0.00800     -0.17100      0.02400      0.13800      0.07900            B
     0.08000      0.18700      0.04700      1.07200      0.27900          BBB
     0.00700      0.06400      0.03500      0.79000      0.22800           BB
     0.07200      0.16200      0.04700      1.31900      0.25000          BBB
     0.03700      0.03400      0.04900      0.37500      0.17200            B
     0.07400      0.16000      0.04300      1.29400      0.25000          BBB
     0.35800      0.70700      0.08700      8.06000      0.61000          AAA
     0.04400      0.03800      0.04000      0.39800      0.12300           BB
    -0.03300     -0.55200      0.02300      0.14500      0.09500            B
     0.21400      0.61400      0.06600      6.51900      0.53100          AAA
    -0.02900     -0.17300      0.02300      0.63400      0.12200          BBB
     0.17600      0.34000      0.05500      1.47000      0.34400          BBB
    -0.07600      0.04100      0.01200      1.62500      0.33900          BBB
     0.19800      0.41100      0.06300      2.34100      0.39000            A
    -0.04300      0.10000      0.02200      2.23400      0.37300            A
     0.12200      0.19300      0.05600      1.00100      0.20400           BB
     0.53400      0.64600      0.11400      3.35800      0.43500          AAA
     0.03200     -0.62400      0.03400      0.09000      0.06700          CCC
    -0.03000      0.06800      0.03100      0.85900      0.28900           BB
     0.05500      0.08300      0.04200      0.37500      0.14300           BB
     0.28100      0.39800      0.07300      1.65900      0.30400          BBB
     0.28500     -0.03900      0.07800      0.07900      0.06500          BBB
     0.10400      0.32700      0.05800      1.83900      0.30600            A
     0.07900      0.23600      0.04100      1.26800      0.30900          BBB
     0.15800      0.30500      0.05200      1.65800      0.35700            A
     0.18800      0.32700      0.05200      2.87900      0.33900           AA
     0.23000      0.47000      0.05700      4.72900      0.53500          AAA
     0.02600      0.11900      0.03200      0.71300      0.24500           BB
     0.15600      0.32100      0.05600      1.91500      0.32600            A
     0.24300      0.37300      0.06800      2.00200      0.28700            A
     0.08100      0.23300      0.04300      1.72300      0.35500            A
     0.22800      0.14600      0.06300      0.64800      0.17700          BBB
     0.28400      0.95100      0.09500     20.56200      1.32600          AAA
     0.43900      0.57700      0.09600      3.15500      0.20800           AA
     0.20300      0.41500      0.05500      3.12200      0.53000          AAA
     0.35100      0.30000      0.07900      1.01900      0.18500          BBB
     0.39000      0.36300      0.07900      0.95000      0.14900          BBB
    -0.00700      0.01700      0.03700      0.42400      0.10400           BB
     0.27500      0.40300      0.06400      2.01100      0.35400            A
     0.12300      0.30800      0.05100      1.61300      0.34300          BBB
     0.39800      0.52700      0.08500      2.05100      0.31600            A
    -0.07900     -0.63700      0.02000      0.15800      0.08400          CCC
     0.01100      0.13400      0.03700      1.44800      0.26100          BBB
     0.07900      0.05500      0.03700      0.73500      0.21800          BBB
     0.41000      0.62200      0.08900      2.23700      0.41300           AA
     0.44200      0.50100      0.09100      2.56100      0.45200            A
     0.04700      0.15600      0.04300      0.91600      0.34100           BB
     0.08400      0.25200      0.05000      1.05400      0.23500          BBB
     0.08600      0.15300      0.04700      1.56500      0.27200          BBB
     0.03900      0.10400      0.03400      0.79000      0.20100           BB
     0.00800      0.12100      0.03900      0.83400      0.20800           BB
     0.60700      0.95400      0.14200      5.79600      0.41400          AAA
     0.28900      0.45200      0.06800      1.75600      0.41000            A
     0.26600      0.41600      0.07000      2.99400      0.40400           AA
     0.12900      0.32900      0.05700      1.48300      0.16800          BBB
     0.57100      0.49200      0.11400      0.27900      0.08800           BB
     0.07900      0.18100      0.04400      0.90100      0.25800          BBB
     0.03700      0.22300      0.04000      2.67800      0.41800           AA
     0.29700      0.21500      0.07300      0.55800      0.19200           BB
     0.25400      0.22500      0.08200      0.87300      0.16800          BBB
    -0.05800      0.01700      0.02600      0.33400      0.09900          CCC
     0.05600      0.32600      0.04100      2.26500      0.44600            A
     0.08300      0.08300      0.04500      0.35200      0.12100           BB
     0.02900      0.27400      0.04200      3.27200      0.58700           AA
     0.20100      0.55500      0.05400      7.69500      0.70500          AAA
    -0.16200     -0.29700     -0.01700      0.53500      0.12300          CCC
     0.05400      0.07500      0.05000      0.23500      0.10100            B
    -0.05300     -0.25600      0.01700      0.41700      0.12600           BB
     0.04500      0.02500      0.03800      0.31800      0.10400            B
    -0.21400      0.00300     -0.01100      0.42300      0.25600           BB
    -0.09400     -1.04300      0.00300      0.13500      0.16200          CCC
     0.07600      0.36200      0.04600      2.15000      0.40700           AA
     0.29000      0.38800      0.07300      1.40200      0.41200          BBB
     0.34500      0.54100      0.07400      4.49700      0.46300          AAA
     0.07900      0.15200      0.05200      0.76800      0.15400           BB
     0.04300      0.03900      0.04100      0.58500      0.16600           BB
     0.12700      0.21700      0.05500      0.89500      0.18100          BBB
     0.11300      0.17400      0.04300      1.22300      0.25500          BBB
     0.08000      0.27100      0.04400      2.55200      0.35900           AA
    -0.01800     -0.02700      0.01400      0.56100      0.22000           BB
     0.55700      0.95500      0.12900     10.08900      0.49600          AAA
     0.13200      0.35600      0.05000      2.44700      0.35400            A
     0.03300      0.07500      0.03900      0.71800      0.25500          BBB
    -0.85900     -1.48300     -0.10400      0.06300      0.23500          CCC
     0.08000      0.14700      0.04000      0.59300      0.15600            B
     0.06100      0.18900      0.04000      3.56800      0.71300           AA
    -0.09000     -0.31100      0.01400      0.32300      0.12200            B
     0.24800      0.46200      0.07700      3.28000      0.33400          AAA
    -0.09600     -0.32900      0.00500      0.38400      0.15300            B
     0.25100      0.32000      0.06800      1.76600      0.30400            A
     0.18100      0.27200      0.06600      0.91600      0.32900          BBB
     0.16000      0.25800      0.05800      1.03000      0.18900          BBB
     0.10000      0.22700      0.04900      1.49000      0.37600          BBB
     0.31000      0.37500      0.06800      1.29400      0.23700          BBB
     0.30100      0.44800      0.06700      2.93800      0.39100           AA
    -0.01200      0.06100      0.03000      0.53000      0.22600           BB
     0.09200      0.12600      0.05100      0.42600      0.14100           BB
     0.16300      0.20600      0.04900      0.80500      0.19100          BBB
     0.18800      0.16000      0.05700      0.35300      0.11400           BB
    -0.09600     -0.09700      0.00100      1.03200      0.25100            B
     0.06800      0.14900      0.04300      0.75800      0.27000           BB
     0.34700      0.75600      0.08900     10.97500      1.06000          AAA
     0.20200      0.45400      0.06400      3.61500      0.55800          AAA
     0.07200     -0.04700      0.04600      0.26300      0.11700           BB
     0.08500      0.21000      0.05400      0.57400      0.13100          BBB
     0.10000      0.30200      0.04900      1.91400      0.33200            A
     0.02600      0.11600      0.03800      0.87600      0.21700          BBB
     0.18700      0.41500      0.06000      3.36100      0.42400          AAA
     0.03800      0.00900      0.04200      0.34400      0.09200           BB
     0.09900      0.18700      0.04400      1.94800      0.48100            A
     0.05700      0.00400      0.03700      0.20900      0.14400            B
     0.10900      0.26900      0.04400      1.39800      0.34900          BBB
     0.26600      0.48800      0.08000      3.86300      0.42900          AAA
     0.30700      0.29400      0.08500      0.92000      0.21600          BBB
     0.35700      0.62200      0.08600      4.65800      0.34900          AAA
     0.07200      0.17600      0.04600      1.33000      0.25200          BBB
    -0.00700      0.13000      0.03500      0.99300      0.17900           BB
     0.04800      0.20500      0.04200      2.12500      0.46000           AA
     0.15200      0.26500      0.06100      1.61900      0.35400          BBB
     0.04600     -0.00100      0.04000      0.18900      0.11300           BB
     0.36900      0.58800      0.08400      3.78500      0.54900          AAA
    -0.02900     -0.03900      0.02700      0.40300      0.16300           BB
     0.18000      0.33300      0.05800      2.18900      0.32400            A
     0.12300      0.13900      0.05700      0.57200      0.22200          BBB
     0.01000      0.16300      0.03700      2.03200      0.58400            A
     0.15000      0.09500      0.05800      0.41900      0.13400           BB
     0.06500      0.13300      0.04200      0.83400      0.21100           BB
     0.44000      0.83900      0.09000     17.41200      1.01600          AAA
     0.28100      0.49500      0.06600      2.33400      0.34000           AA
     0.11800      0.35300      0.04900      3.82000      0.65700          AAA
     0.17800      0.29100      0.06600      0.51400      0.16100           BB
     0.20000      0.45200      0.06700      2.73700      0.45700           AA
     0.16100      0.33200      0.05900      2.01000      0.36300            A
     0.10900      0.11500      0.05500      0.35600      0.12000           BB
     0.16800      0.09800      0.06700      0.41300      0.09800           BB
     0.22100      0.33300      0.06300      1.76100      0.30400            A
     0.17600      0.29900      0.06300      1.68200      0.22000            A
     0.43100      0.66300      0.07300      5.73700      0.60200          AAA
    -0.07600     -0.18900      0.00800      0.57900      0.24800           BB
     0.26400      0.42400      0.06200      2.31400      0.38200            A
     0.06100      0.08900      0.04800      0.44700      0.12400           BB
     0.15500      0.30000      0.05200      3.16000      0.52100           AA
    -0.10000     -0.27300      0.00500      0.46300      0.14800           BB
     0.01500      0.13300      0.04100      1.24700      0.32300          BBB
    -0.01200     -0.02200      0.02400      0.47400      0.20900           BB
     0.23700      0.29000      0.07200      1.21800      0.22200          BBB
     0.47500      0.54400      0.10200      2.49200      0.35300           AA
    -0.08600     -0.21800      0.01300      0.70700      0.24100           BB
     0.01400      0.09700      0.03600      0.84700      0.19600           BB
     0.01000     -0.31100      0.03700      0.11400      0.07400            B
     0.18400      0.40500      0.05700      4.05000      0.69100          AAA
     0.47500      0.63400      0.09400      3.41000      0.41400          AAA
     0.50400      0.63900      0.08800      3.00300      0.30100          AAA
     0.01200      0.10900      0.03300      1.13800      0.23300           BB
     0.08400      0.19800      0.04500      1.16000      0.30300           BB
     0.05500      0.07900      0.04300      0.33700      0.11300           BB
     0.50600      0.70200      0.10300      9.69800      0.70500          AAA
    -0.07000     -0.38900      0.02400      0.12600      0.10500          CCC
     0.39900      0.47200      0.08800      2.54500      0.33000           AA
     0.02500      0.22500      0.03900      2.02000      0.29200            A
     0.08500      0.17600      0.04400      1.05700      0.25300          BBB
     0.29100      0.47000      0.06600      3.54000      0.30600          AAA
     0.18000      0.40300      0.05700      3.70600      0.52500          AAA
     0.11200      0.17900      0.05300      1.03700      0.37500          BBB
     0.15200      0.25100      0.06700      1.08300      0.16300          BBB
     0.12400      0.14500      0.04900      1.02000      0.27000           BB
     0.10500      0.33800      0.05400      2.43700      0.44500            A
     0.24100      0.22000      0.06900      0.38400      0.09400           BB
     0.46100      0.55000      0.10600      1.70500      0.35400            A
     0.19700      0.19000      0.05700      0.89900      0.26800          BBB
     0.17200      0.30600      0.05700      1.33100      0.25300          BBB
     0.00500      0.12100      0.02900      0.87300      0.23300          BBB
     0.35000      0.56600      0.09100      2.08800      0.26000            A
     0.15500      0.24700      0.05800      1.70700      0.31400            A
     0.23700      0.17600      0.06500      0.40800      0.10900           BB
    -0.01300     -0.19900      0.03200      0.19800      0.09700            B
     0.45600      0.79000      0.08700      6.23800      0.72400          AAA
     0.16500      0.34400      0.06000      2.46000      0.66200            A
     0.10200      0.14800      0.05400      1.03100      0.18400           BB
     0.21700      0.17500      0.06500      0.51300      0.18300           BB
     0.10000      0.16900      0.05100      0.65300      0.17700          BBB
     0.18600      0.09000      0.05900      0.38500      0.12000           BB
     0.21300      0.42900      0.06000      3.51300      0.36300          AAA
     0.00600      0.10200      0.03800      1.07300      0.28600          BBB
    -0.09500     -0.01700      0.01800      0.74400      0.29400            B
     0.04300      0.07200      0.02900      0.99500      0.37900           BB
     0.08200      0.06300      0.04400      0.60300      0.16600           BB
     0.13000      0.17200      0.05300      0.82400      0.22300           BB
     0.26600      0.33800      0.06300      1.35500      0.26500          BBB
     0.08100      0.21600      0.05000      1.02100      0.20200          BBB
     0.00400      0.00200      0.03200      0.41800      0.12500           BB
     0.02400      0.05600      0.03200      0.37600      0.22600           BB
     0.05800      0.16900      0.04700      0.84000      0.21300           BB
    -0.00500      0.10500      0.03600      0.98900      0.17300          BBB
    -0.00200      0.08700      0.02900      1.13200      0.20300          BBB
    -0.08000     -0.73700      0.01200      0.37200      0.89600          CCC
     0.15100      0.64900      0.05300     15.46300      1.07900          AAA
     0.35300      0.25200      0.08000      0.47500      0.14300           BB
    -0.02000      0.18000      0.02600      2.46100      0.38500            A
     0.23100      0.25200      0.07100      1.10200      0.22400          BBB
     0.29600      0.58000      0.06300      6.31000      0.72000          AAA
     0.34700      0.51800      0.07600      4.02400      0.44200          AAA
     0.21300      0.31200      0.06100      1.20900      0.33400            A
    -0.02500      0.01300      0.03000      0.58700      0.19400           BB
     0.20800      0.33300      0.06500      1.73400      0.23400            A
    -0.05700     -0.01800      0.01700      0.61900      0.15800           BB
     0.51700      0.57300      0.10500      1.35300      0.22100            A
     0.28200      0.31000      0.07200      0.69200      0.17300           BB
     0.38200      0.31400      0.08500      0.56400      0.09800          BBB
     0.18100      0.25100      0.06100      1.05700      0.26200          BBB
     0.22100      0.20900      0.06400      0.91100      0.23000          BBB
     0.04700      0.13200      0.04100      0.70300      0.13000           BB
     0.26800      0.40700      0.06500      2.79700      0.39100          AAA
     0.37300      0.75100      0.08300      7.43800      0.79600          AAA
     0.34300      0.55600      0.07200      5.07900      0.45000          AAA
    -0.00800      0.08900      0.03100      1.09100      0.23600           BB
     0.32900      0.25600      0.07700      0.46600      0.11700           BB
     0.05600      0.12800      0.04400      0.63500      0.20900           BB
    -0.00300      0.12800      0.05300      0.53500      0.26000          BBB
    -0.10200     -0.53500      0.01700      0.23100      0.10400          CCC
     0.29500      0.35700      0.07200      1.13500      0.19000          BBB
     0.15800      0.54900      0.06100      7.66800      0.90200          AAA
     0.04700     -0.24900      0.03900      0.13600      0.08200            B
     0.18000      0.36000      0.05600      2.97300      0.37100           AA
    -0.07600     -1.45800     -0.04000      0.05300      0.05100          CCC
     0.24700      0.25200      0.07600      0.56700      0.13500           BB
    -0.04100     -0.12100      0.03200      0.22200      0.09900            B
     0.06800      0.08800      0.04200      0.55600      0.17800           BB
     0.05300      0.31800      0.04000      2.99600      0.48200           AA
     0.24000      0.25900      0.06300      1.18500      0.17300          BBB
     0.29700      0.31400      0.06400      1.52900      0.25900            A
    -0.02600     -0.22000      0.02400      0.37000      0.12600            B
     0.21500      0.28500      0.06500      1.85300      0.33800            A
     0.02300     -0.01900      0.03400      0.31100      0.12200            B
     0.25400      0.38500      0.06500      3.05800      0.30400           AA
     0.24400      0.15400      0.06900      0.33600      0.10200           BB
     0.09000      0.15000      0.04900      1.16100      0.22800          BBB
     0.00000      0.05000      0.02600      0.71300      0.20700           BB
    -0.00400     -0.28800      0.03800      0.12200      0.10400            B
     0.60500      0.52000      0.12500      0.34800      0.09600          BBB
     0.02000      0.23400      0.04000      2.59700      0.56800           AA
    -0.04400      0.13600      0.02400      0.82600      0.18600          BBB
     0.61800      0.45600      0.14300      0.33200      0.15700          BBB
     0.30000      0.24700      0.07500      0.31800      0.10300            B
    -0.02600      0.12500      0.03000      1.49400      0.40500          BBB
     0.46300      0.75100      0.09700      6.05800      0.64000          AAA
     0.18500      0.46700      0.05800      3.06000      0.35000          AAA
     0.10500      0.23600      0.05300      1.56600      0.21600          BBB
     0.26800      0.34600      0.06900      1.08500      0.20500          BBB
     0.22600      0.17500      0.06500      0.29400      0.08900           BB
     0.13300      0.35000      0.05500      2.00000      0.32900            A
     0.05500      0.20200      0.04400      1.00200      0.20000          BBB
     0.09400     -0.00300      0.05100      0.25100      0.11600           BB
     0.00900      0.12300      0.04400      0.52900      0.12400          BBB
     0.03400      0.11600      0.03900      0.80400      0.21000           BB
     0.52800      0.50600      0.11200      0.95300      0.15300          BBB
     0.19700      0.29900      0.05900      1.82700      0.27400            A
     0.02900      0.07300      0.03700      1.17900      0.32700           BB
     0.55100      0.75000      0.10500      3.91700      0.27300          AAA
     0.18300      0.49300      0.05800      2.13500      0.34400            A
     0.13100      0.29800      0.05600      2.10200      0.35000            A
     0.34500      0.35300      0.07800      0.97100      0.16000          BBB
     0.08500      0.39900      0.04200      4.40700      0.67000          AAA
     0.36400      0.65200      0.08000      3.93800      0.39800          AAA
     0.01100      0.11500      0.04000      0.77200      0.24000           BB
     0.29200      0.62300      0.07600     15.90900      0.99100          AAA
    -0.05200     -1.31000      0.00800      0.06600      0.06900          CCC
     0.05500      0.04000      0.04400      0.29000      0.12400            B
     0.09300      0.16000      0.04300      0.65600      0.16600           BB
    -0.00200      0.06200      0.02800      0.76400      0.22900           BB
     0.17200      0.06100      0.06300      0.16600      0.09300            B
    -0.10800     -0.18300      0.02000      0.48900      0.17300            B
     0.21600      0.41300      0.05200      3.47700      0.52200          AAA
     0.13800      0.21500      0.05300      1.41700      0.36200          BBB
    -0.11800     -0.10700      0.00400      0.60100      0.28800            B
     0.21500      0.37600      0.07200      1.13600      0.26300          BBB
     0.31500      0.37600      0.07500      2.32800      0.52600           AA
    -0.00300     -0.16200      0.02600      0.16200      0.07700            B
     0.14200      0.30800      0.05600      1.51600      0.33300            A
    -0.46200     -0.80200     -0.05100      0.24300      0.11600          CCC
    -0.01800     -0.03400      0.03300      0.37800      0.15800            B
     0.16000      0.25200      0.05800      0.94000      0.25400          BBB
     0.32500      0.47100      0.06600      3.09600      0.40100           AA
     0.58000      0.85800      0.11600      6.03000      0.40800          AAA
     0.24600      0.44000      0.07800      1.75000      0.23200            A
     0.03700      0.22600      0.04000      1.48300      0.19000            A
     0.11100      0.19000      0.04600      1.10900      0.27100          BBB
     0.16600      0.35000      0.06200      2.97600      0.41500           AA
     0.42300      0.64800      0.09200      6.83500      0.52600          AAA
     0.16700      0.26200      0.06100      0.88900      0.27600          BBB
     0.39900      0.64700      0.09300      5.49600      0.60300          AAA
     0.22400      0.40300      0.06900      3.27600      0.39800          AAA
     0.02700      0.05500      0.03800      0.74600      0.26300           BB
     0.13900      0.26000      0.06000      1.03800      0.27800          BBB
     0.04800      0.20900      0.04400      1.30000      0.36200          BBB
     0.04700      0.08000      0.04000      0.74000      0.21000           BB
     0.11800      0.22400      0.05500      0.68200      0.16500           BB
    -0.05500      0.01200      0.01700      0.45700      0.16400           BB
     0.29100      0.47300      0.06500      2.29400      0.41000           AA
     0.30700      0.64200      0.06100      8.93600      0.89200          AAA
     0.13100      0.21400      0.05000      1.79100      0.45700            A
     0.21000      0.45600      0.05600      2.84300      0.56600           AA
     0.07000      0.16400      0.04500      1.15700      0.33800          BBB
     0.11200      0.31100      0.05600      1.82600      0.42100            A
    -0.00100      0.11800      0.02900      1.34600      0.36000          BBB
     0.08200      0.13300      0.04200      0.49600      0.16100            B
     0.03800      0.26600      0.04600      1.11900      0.44000          BBB
     0.24900      0.47900      0.07500      3.39900      0.41400          AAA
     0.19700      0.30100      0.05700      2.92000      0.19700           AA
     0.15100      0.13500      0.04700      0.67900      0.18000           BB
     0.24900      0.27800      0.06200      0.88400      0.18000          BBB
    -0.01700     -0.15000      0.02800      0.31300      0.12000            B
     0.48500      0.73100      0.10400      4.89500      0.33000          AAA
     0.01200      0.06400      0.03700      0.53800      0.13900           BB
     0.00500      0.00200      0.03700      0.37400      0.14700           BB
    -0.05900     -0.93400      0.02200      0.05000      0.05000          CCC
     0.25900      0.27400      0.07200      2.05100      0.37600            A
     0.06500      0.15400      0.04400      1.05700      0.21700          BBB
     0.02400      0.02400      0.04400      0.46100      0.17000           BB
     0.11000     -0.01800      0.05700      0.26000      0.12100           BB
     0.10200      0.29600      0.04500      1.55500      0.41700            A
    -0.05800      0.13100      0.00700      1.73300      0.33600            A
     0.19700      0.30000      0.06700      2.13500      0.24000           AA
     0.35000      0.38000      0.08200      1.38500      0.15200            A
     0.22900      0.34700      0.06200      1.17100      0.32100            A
     0.32300      0.69100      0.08500      9.96000      0.86600          AAA
     0.08700      0.10500      0.04700      0.87100      0.14500           BB
     0.16700      0.02600      0.05300      0.64400      0.15700          BBB
    -0.00100     -0.15200      0.04300      0.21300      0.07800           BB
     0.24600      0.52500      0.05900      4.90400      0.72000          AAA
     0.11400      0.14000      0.04700      0.53100      0.14300           BB
     0.21000      0.43500      0.06500      2.95500      0.40700           AA
     0.15700      0.53600      0.05100      8.69000      1.09800          AAA
     0.21300      0.23500      0.05900      0.96300      0.20500          BBB
     0.07400      0.24100      0.05000      2.45200      0.32200            A
     0.02400      0.13900      0.04600      0.95200      0.22800          BBB
     0.47300      0.56200      0.09700      1.49300      0.17200            A
     0.22600      0.21900      0.06900      0.43000      0.11500           BB
     0.00500      0.06700      0.03500      1.46200      0.38100          BBB
     0.02500      0.13500      0.03700      1.39400      0.31200          BBB
     0.72900      1.46700      0.14700     37.14700      1.28300          AAA
     0.07800      0.11800      0.05700      0.37200      0.12900            B
     0.04100     -0.04300      0.04800      0.15300      0.08600            B
     0.11300      0.29700      0.05900      1.55800      0.19600          BBB
     0.22600      0.23900      0.06600      0.59800      0.11800           BB
     0.08200      0.13300      0.05200      0.88300      0.25000          BBB
     0.07400      0.16700      0.05000      1.58400      0.37000          BBB
     0.08500      0.23000      0.04300      2.18900      0.33800            A
     0.16400      0.24300      0.06200      0.74100      0.20400          BBB
     0.28300      0.39000      0.07000      2.65200      0.33300            A
    -0.06400     -0.09600      0.00900      0.54500      0.12000            B
     0.24800      0.47300      0.06400      4.34500      0.38800          AAA
     0.04800      0.04500      0.04100      0.77000      0.22400           BB
     0.25300      0.54000      0.07100      4.44400      0.64400          AAA
     0.00400      0.12200      0.03500      0.75000      0.18600           BB
     0.48000      0.43400      0.08500      0.89900      0.22900          BBB
     0.04400      0.13600      0.03800      0.67400      0.17100           BB
     0.13000      0.22600      0.05500      1.08300      0.19400          BBB
    -0.06500     -0.49600      0.01900      0.15400      0.10400            B
     0.24700      0.23500      0.05500      0.92800      0.22800          BBB
     0.15500      0.24300      0.05600      1.33100      0.38400          BBB
    -0.09800     -0.27900      0.02100      0.16600      0.09500            B
     0.61100      0.83700      0.14400      7.13700      0.90300          AAA
     0.15700      0.37300      0.05000      4.66000      0.49500          AAA
     0.26000      0.21500      0.06900      0.45400      0.14000           BB
     0.03700      0.05100      0.03900      0.27600      0.11600            B
     0.05000      0.20500      0.04400      1.47200      0.31800          BBB
     0.45800      0.51500      0.10800      1.87000      0.17300            A
     0.07800     -0.36200      0.03500      0.06500      0.08000          CCC
     0.49500      0.66000      0.10500      1.31700      0.22500            A
     0.06600     -0.05100      0.04700      0.25700      0.09000           BB
     0.09300      0.26500      0.05400      1.09100      0.23100          BBB
     0.12700      0.31400      0.05500      1.71000      0.31900            A
     0.25700      0.21400      0.07400      0.46100      0.12700           BB
     0.06100      0.06700      0.04400      0.57700      0.16600           BB
     0.36600      0.34800      0.07500      1.21200      0.27800          BBB
     0.19200      0.29200      0.05700      0.89600      0.22500          BBB
     0.03500      0.08500      0.03800      0.75000      0.17300           BB
     0.01300     -0.07700      0.03400      0.35500      0.12200            B
     0.02200      0.21700      0.03400      2.64300      0.40200           AA
     0.01800      0.01800      0.03700      0.76300      0.39100           BB
     0.24400      0.42200      0.06500      1.67000      0.28900            A
     0.09000      0.25000      0.05200      1.19800      0.33100          BBB
     0.21600     -0.00100      0.05200      0.86500      0.16300           BB
     0.41100      0.79900      0.08700     12.29100      0.85600          AAA
     0.01500      0.12200      0.04000      0.87100      0.26400          BBB
     0.09600      0.25700      0.05300      0.96800      0.25100          BBB
